1 53.884762333010706 234.9056004499355
1 79.92623772287656 253.0093231716616
1 85.24731960210562 287.94852330619636
1 45.203556727904584 174.80816871994642
1 14.992156879481444 160.5365319557017
1 57.870897038963776 201.5182014645278
1 32.469582203638225 222.23531016422368
1 96.13216633002754 307.472005123471
1 20.575795411478882 273.12941819915
1 33.80339805834183 157.248839222603
-1 55.67804765566669 104.24704523400185
-1 36.692764742450734 45.60917933359907
-1 13.392776420937924 25.919809788598762
-1 78.08581814764862 122.3871877717212
-1 13.679248214741435 20.92491846114605
-1 50.79266301025037 39.06683284872281
-1 68.10577763264635 149.05396265923062
-1 27.920724592715295 14.106949653611016
-1 37.16508336711114 101.57228239371095
-1 64.86884551333299 157.31853145082476
