1 64.59516951405692 97.37304707519081
-1 9.177542537209904 95.95954315379304
1 27.554101426565325 4.597301020600808
-1 1.082995735199066 16.816518528235502
-1 14.289884287068277 58.92375465803001
1 28.83334826747035 44.42800818842713
1 97.2311763553174 83.5294018208405
-1 16.897687792143046 78.1195857957933
1 71.50916103715112 30.66508190425482
-1 4.63261613750745 89.7761372107939
1 46.282084400573744 18.492717615694076
-1 24.601216365444344 84.51289840279756
-1 33.948393577512334 96.38635921606237
1 69.31221646007619 65.01956387694798
1 86.53195904115444 12.633186029865783
-1 12.05684302586426 83.91302868229162
1 43.19953427773405 66.94488330214392
-1 16.22697547596712 85.29973057148723
1 13.075301149060836 24.76348598271222
-1 13.606752460842719 39.551483317251424
