1 69.28976838824038 28.450107539327398
1 29.594935187912764 11.124558803544971
1 80.86778697890489 43.5325392419996
1 34.54965576766672 10.321419660217913
1 75.10426136910219 15.11793014996451
1 61.64863291799924 96.23483715437989
1 66.51302510811603 17.571807356946913
1 83.78862479479574 89.3035452193213
1 86.90831071242094 36.69748134611065
1 39.492750371343945 15.877990597134328
-1 47.8949682003108 55.58778714034451
-1 42.22834279198221 46.938280204250056
-1 41.42997084893554 53.311694024590714
-1 56.31392764725298 53.668653894978945
-1 46.52448605360833 48.11402563222772
-1 48.73631590419546 40.55885726946458
-1 51.93006675586301 41.99872806491925
-1 47.57449169519214 48.89394083619498
-1 58.17911001128732 54.728453147922956
-1 40.88871600301235 47.31736548261099
