1 31.556338926895812 85.23020684549583
1 52.3470182074837 82.7533096837197
1 64.79636574455722 75.38457691359098
1 18.64306501015437 33.80890545331907
1 64.42141245259147 19.551980134074466
1 58.19740868282294 96.67972086861488
1 46.19457928350984 7.526404318759794
1 11.617776984185312 45.33374255365187
1 7.619682802982375 64.95769969187876
1 72.32855407675707 56.233900126918755
-1 51.98977600746411 40.27474179356399
-1 57.478391065252126 40.76868949593401
-1 49.21951305648152 44.81474720785226
-1 46.14680650313009 50.774785738624324
-1 52.15537086467583 46.8804043373891
-1 48.47851242493516 41.37579035706521
-1 57.94312266172473 58.92739402159097
-1 46.71925460305972 50.08637106851125
-1 55.928415325948556 46.63035145529493
-1 51.41946767735486 46.456679435404624
