-1 27.36869554450083 89.41303848304581
1 68.55757000516846 82.19612225963682
1 97.54046860220534 36.5977801951623
-1 3.6823450015492365 33.24558424486236
-1 4.200705761287782 91.22558652273408
1 82.82386914697341 31.81295543505679
1 69.23778363457454 3.252447765483557
-1 29.08417366409647 85.14226504144466
1 98.06925822575577 34.97266231095879
-1 11.6280197581209 78.39589694735878
-1 25.238301242967122 72.30604962427239
1 78.76422387771865 13.906594802971473
-1 1.6624269578791595 79.7680462688522
1 9.653132033559796 28.994349581244528
1 49.27672257170268 40.151618889355035
-1 23.792025527835936 74.2473267876868
1 52.38685789360724 5.7577070295737105
-1 28.53106266881551 88.96526571325668
-1 19.207145676969695 61.725539470292176
1 46.23701301627139 8.433535634740819
